"ID","Adoption","Died","Euthanasia","Return_to_owner","Transfer"
1,0.39666666666666667,0.013333333333333334,0.04666666666666667,0.20666666666666667,0.33666666666666667
2,0.43,0.006666666666666667,0.043333333333333335,0.20333333333333334,0.31666666666666665
3,0.3933333333333333,0.0,0.08,0.2,0.32666666666666666
4,0.2633333333333333,0.016666666666666666,0.12,0.14,0.46
5,0.38,0.013333333333333334,0.07,0.15666666666666668,0.38
6,0.32,0.02,0.056666666666666664,0.23,0.37333333333333335
7,0.3466666666666667,0.0033333333333333335,0.14666666666666667,0.24666666666666667,0.25666666666666665
8,0.4266666666666667,0.013333333333333334,0.07,0.07666666666666666,0.41333333333333333
9,0.39666666666666667,0.016666666666666666,0.08,0.16,0.3466666666666667
10,0.3566666666666667,0.01,0.09333333333333334,0.12,0.42
11,0.32666666666666666,0.016666666666666666,0.07,0.22,0.36666666666666664
12,0.38333333333333336,0.0,0.016666666666666666,0.23,0.37
13,0.4033333333333333,0.02,0.09666666666666666,0.13666666666666666,0.3433333333333333
14,0.5233333333333333,0.0,0.04666666666666667,0.16,0.27
15,0.46,0.0,0.08666666666666667,0.15,0.30333333333333334
16,0.49666666666666665,0.01,0.05333333333333334,0.17,0.27
17,0.42,0.0033333333333333335,0.06333333333333334,0.16666666666666666,0.3466666666666667
18,0.43333333333333335,0.0033333333333333335,0.03333333333333333,0.19333333333333333,0.33666666666666667
19,0.49666666666666665,0.0033333333333333335,0.04,0.21333333333333335,0.24666666666666667
20,0.25666666666666665,0.013333333333333334,0.07666666666666666,0.24,0.41333333333333333
21,0.34,0.01,0.05333333333333334,0.16333333333333333,0.43333333333333335
22,0.5433333333333333,0.0,0.08,0.02,0.3566666666666667
23,0.35,0.01,0.04,0.19666666666666666,0.4033333333333333
24,0.6533333333333333,0.0,0.05333333333333334,0.06666666666666667,0.22666666666666666
25,0.3,0.0033333333333333335,0.08333333333333333,0.2866666666666667,0.32666666666666666
26,0.49666666666666665,0.0,0.03,0.18333333333333332,0.29
27,0.41333333333333333,0.006666666666666667,0.05333333333333334,0.17,0.3566666666666667
28,0.43,0.006666666666666667,0.07,0.17333333333333334,0.32
29,0.37,0.0,0.04666666666666667,0.18666666666666668,0.39666666666666667
30,0.33,0.013333333333333334,0.03,0.20666666666666667,0.42
31,0.4266666666666667,0.01,0.04,0.20333333333333334,0.32
32,0.38,0.01,0.05,0.22333333333333333,0.33666666666666667
33,0.35,0.006666666666666667,0.11666666666666667,0.17333333333333334,0.35333333333333333
34,0.38333333333333336,0.01,0.03333333333333333,0.18,0.3933333333333333
35,0.37,0.016666666666666666,0.03,0.13666666666666666,0.44666666666666666
36,0.44666666666666666,0.0,0.07666666666666666,0.14333333333333334,0.3333333333333333
37,0.57,0.006666666666666667,0.09,0.11666666666666667,0.21666666666666667
38,0.42,0.0033333333333333335,0.056666666666666664,0.17333333333333334,0.3466666666666667
39,0.37333333333333335,0.0033333333333333335,0.06333333333333334,0.26666666666666666,0.29333333333333333
40,0.45,0.006666666666666667,0.07333333333333333,0.13666666666666666,0.3333333333333333
41,0.31666666666666665,0.023333333333333334,0.06,0.12333333333333334,0.4766666666666667
42,0.46,0.006666666666666667,0.12666666666666668,0.15333333333333332,0.25333333333333335
43,0.4533333333333333,0.0033333333333333335,0.02,0.19,0.3333333333333333
44,0.14333333333333334,0.0033333333333333335,0.03,0.06666666666666667,0.7566666666666667
45,0.4766666666666667,0.0,0.03666666666666667,0.23666666666666666,0.25
46,0.45666666666666667,0.06333333333333334,0.02,0.13333333333333333,0.32666666666666666
47,0.3566666666666667,0.01,0.03333333333333333,0.27,0.33
48,0.30333333333333334,0.0,0.10333333333333333,0.13333333333333333,0.46
49,0.48,0.006666666666666667,0.05333333333333334,0.13666666666666666,0.3233333333333333
50,0.44666666666666666,0.013333333333333334,0.07,0.18333333333333332,0.2866666666666667
51,0.44,0.013333333333333334,0.08333333333333333,0.11333333333333333,0.35
52,0.45666666666666667,0.0033333333333333335,0.06666666666666667,0.21333333333333335,0.26
53,0.37333333333333335,0.04666666666666667,0.02666666666666667,0.21,0.3433333333333333
54,0.43,0.006666666666666667,0.06333333333333334,0.16333333333333333,0.33666666666666667
55,0.42,0.0033333333333333335,0.06,0.14333333333333334,0.37333333333333335
56,0.4166666666666667,0.006666666666666667,0.04666666666666667,0.16666666666666666,0.36333333333333334
57,0.39666666666666667,0.01,0.08,0.11333333333333333,0.4
58,0.6433333333333333,0.006666666666666667,0.03666666666666667,0.03666666666666667,0.27666666666666667
59,0.4866666666666667,0.0,0.04,0.15,0.3233333333333333
60,0.38,0.0033333333333333335,0.07333333333333333,0.18,0.36333333333333334
61,0.32,0.006666666666666667,0.07333333333333333,0.18666666666666668,0.41333333333333333
62,0.44,0.0,0.05,0.1,0.41
63,0.34,0.0033333333333333335,0.13,0.17,0.3566666666666667
64,0.35333333333333333,0.006666666666666667,0.05,0.20666666666666667,0.38333333333333336
65,0.38,0.013333333333333334,0.06,0.20666666666666667,0.34
66,0.3333333333333333,0.006666666666666667,0.05,0.22,0.39
67,0.36,0.006666666666666667,0.02,0.12333333333333334,0.49
68,0.3933333333333333,0.0033333333333333335,0.08333333333333333,0.2,0.32
69,0.3566666666666667,0.02666666666666667,0.07666666666666666,0.17666666666666667,0.36333333333333334
70,0.6433333333333333,0.01,0.14333333333333334,0.07333333333333333,0.13
71,0.6666666666666666,0.0,0.05,0.10333333333333333,0.18
72,0.34,0.013333333333333334,0.06666666666666667,0.10333333333333333,0.4766666666666667
73,0.47333333333333333,0.0,0.3333333333333333,0.05333333333333334,0.14
74,0.44666666666666666,0.0,0.056666666666666664,0.15666666666666668,0.34
75,0.19333333333333333,0.01,0.05333333333333334,0.48,0.2633333333333333
76,0.43666666666666665,0.02666666666666667,0.056666666666666664,0.23666666666666666,0.24333333333333335
77,0.3233333333333333,0.006666666666666667,0.06333333333333334,0.20333333333333334,0.4033333333333333
78,0.6566666666666666,0.0033333333333333335,0.02666666666666667,0.07666666666666666,0.23666666666666666
79,0.4,0.006666666666666667,0.03666666666666667,0.17333333333333334,0.38333333333333336
80,0.36,0.0033333333333333335,0.05,0.26666666666666666,0.32
81,0.5733333333333334,0.0,0.06,0.14333333333333334,0.22333333333333333
82,0.21333333333333335,0.0033333333333333335,0.02666666666666667,0.016666666666666666,0.74
83,0.36666666666666664,0.006666666666666667,0.07666666666666666,0.25666666666666665,0.29333333333333333
84,0.3,0.01,0.023333333333333334,0.15333333333333332,0.5133333333333333
85,0.36333333333333334,0.0033333333333333335,0.07333333333333333,0.13333333333333333,0.4266666666666667
86,0.4766666666666667,0.0,0.043333333333333335,0.14333333333333334,0.33666666666666667
87,0.30333333333333334,0.006666666666666667,0.08666666666666667,0.12,0.48333333333333334
88,0.44333333333333336,0.01,0.03,0.26666666666666666,0.25
89,0.5066666666666667,0.0033333333333333335,0.06666666666666667,0.12333333333333334,0.3
90,0.3466666666666667,0.03666666666666667,0.13333333333333333,0.19666666666666666,0.2866666666666667
91,0.49666666666666665,0.0,0.08333333333333333,0.17,0.25
92,0.7233333333333334,0.0033333333333333335,0.05333333333333334,0.05333333333333334,0.16666666666666666
93,0.43,0.016666666666666666,0.04,0.15333333333333332,0.36
94,0.51,0.0,0.05333333333333334,0.15666666666666668,0.28
95,0.45,0.016666666666666666,0.03333333333333333,0.14,0.36
96,0.43666666666666665,0.0033333333333333335,0.06666666666666667,0.15666666666666668,0.33666666666666667
97,0.31333333333333335,0.016666666666666666,0.10666666666666667,0.18666666666666668,0.37666666666666665
98,0.12666666666666668,0.0,0.2633333333333333,0.56,0.05
99,0.3933333333333333,0.0,0.04,0.08333333333333333,0.48333333333333334
100,0.54,0.0,0.03333333333333333,0.14333333333333334,0.2833333333333333
101,0.47333333333333333,0.0033333333333333335,0.023333333333333334,0.19333333333333333,0.30666666666666664
102,0.36333333333333334,0.0033333333333333335,0.04666666666666667,0.26666666666666666,0.32
103,0.36666666666666664,0.02,0.07333333333333333,0.24,0.3
104,0.48333333333333334,0.01,0.04,0.12666666666666668,0.34
105,0.27666666666666667,0.013333333333333334,0.07,0.19333333333333333,0.44666666666666666
106,0.38666666666666666,0.0033333333333333335,0.04666666666666667,0.20333333333333334,0.36
107,0.36,0.0,0.07,0.19,0.38
108,0.4033333333333333,0.016666666666666666,0.05333333333333334,0.25,0.27666666666666667
109,0.35,0.006666666666666667,0.08,0.26,0.30333333333333334
110,0.52,0.01,0.04666666666666667,0.19666666666666666,0.22666666666666666
111,0.41333333333333333,0.0,0.02,0.20666666666666667,0.36
112,0.32666666666666666,0.006666666666666667,0.016666666666666666,0.23666666666666666,0.41333333333333333
113,0.30666666666666664,0.006666666666666667,0.1,0.21333333333333335,0.37333333333333335
114,0.4033333333333333,0.006666666666666667,0.07,0.2633333333333333,0.25666666666666665
115,0.33666666666666667,0.02666666666666667,0.08333333333333333,0.14333333333333334,0.41
116,0.36333333333333334,0.0033333333333333335,0.05333333333333334,0.2866666666666667,0.29333333333333333
117,0.31,0.013333333333333334,0.09333333333333334,0.22666666666666666,0.3566666666666667
118,0.47,0.023333333333333334,0.056666666666666664,0.15333333333333332,0.2966666666666667
119,0.36,0.01,0.11333333333333333,0.17333333333333334,0.3433333333333333
120,0.38333333333333336,0.016666666666666666,0.07,0.17333333333333334,0.3566666666666667
121,0.43333333333333335,0.013333333333333334,0.043333333333333335,0.10333333333333333,0.4066666666666667
122,0.35333333333333333,0.006666666666666667,0.023333333333333334,0.26666666666666666,0.35
123,0.36666666666666664,0.006666666666666667,0.04666666666666667,0.19666666666666666,0.38333333333333336
124,0.5933333333333334,0.0,0.01,0.32666666666666666,0.07
125,0.20666666666666667,0.0,0.016666666666666666,0.6566666666666666,0.12
126,0.36,0.006666666666666667,0.05,0.17333333333333334,0.41
127,0.45,0.02,0.023333333333333334,0.17333333333333334,0.3333333333333333
128,0.43666666666666665,0.0,0.056666666666666664,0.20333333333333334,0.30333333333333334
129,0.33666666666666667,0.01,0.1,0.14333333333333334,0.41
130,0.29333333333333333,0.0033333333333333335,0.12,0.2,0.38333333333333336
131,0.43,0.013333333333333334,0.023333333333333334,0.23666666666666666,0.2966666666666667
132,0.39,0.016666666666666666,0.08,0.16666666666666666,0.3466666666666667
133,0.36666666666666664,0.0,0.09333333333333334,0.24333333333333335,0.2966666666666667
134,0.4633333333333333,0.0,0.05333333333333334,0.18,0.30333333333333334
135,0.49,0.006666666666666667,0.04666666666666667,0.12,0.33666666666666667
136,0.4066666666666667,0.02,0.07666666666666666,0.19333333333333333,0.30333333333333334
137,0.36,0.013333333333333334,0.03333333333333333,0.23,0.36333333333333334
138,0.7366666666666667,0.0033333333333333335,0.016666666666666666,0.06,0.18333333333333332
139,0.39666666666666667,0.006666666666666667,0.08,0.14666666666666667,0.37
140,0.29333333333333333,0.02666666666666667,0.13333333333333333,0.15,0.39666666666666667
141,0.36333333333333334,0.0033333333333333335,0.03666666666666667,0.18,0.4166666666666667
142,0.4266666666666667,0.02,0.043333333333333335,0.15666666666666668,0.35333333333333333
143,0.44333333333333336,0.0033333333333333335,0.05333333333333334,0.16666666666666666,0.3333333333333333
144,0.49,0.0033333333333333335,0.07,0.13333333333333333,0.30333333333333334
145,0.39,0.006666666666666667,0.09,0.18333333333333332,0.33
146,0.38,0.0,0.06,0.18333333333333332,0.37666666666666665
147,0.4266666666666667,0.013333333333333334,0.07666666666666666,0.21333333333333335,0.27
148,0.34,0.013333333333333334,0.11333333333333333,0.17,0.36333333333333334
149,0.42,0.01,0.03333333333333333,0.2866666666666667,0.25
150,0.61,0.006666666666666667,0.05333333333333334,0.13666666666666666,0.19333333333333333
151,0.49,0.0033333333333333335,0.02666666666666667,0.13333333333333333,0.3466666666666667
152,0.46,0.0033333333333333335,0.06666666666666667,0.2,0.27
153,0.3933333333333333,0.016666666666666666,0.09,0.18666666666666668,0.31333333333333335
154,0.43,0.013333333333333334,0.08333333333333333,0.18666666666666668,0.2866666666666667
155,0.38666666666666666,0.01,0.03333333333333333,0.14333333333333334,0.4266666666666667
156,0.31333333333333335,0.006666666666666667,0.06333333333333334,0.2,0.4166666666666667
157,0.36666666666666664,0.006666666666666667,0.06333333333333334,0.23,0.3333333333333333
158,0.48,0.0033333333333333335,0.07,0.18,0.26666666666666666
159,0.42,0.006666666666666667,0.05333333333333334,0.18,0.34
160,0.4,0.0,0.03666666666666667,0.20333333333333334,0.36
161,0.34,0.006666666666666667,0.09333333333333334,0.15,0.41
162,0.44666666666666666,0.0,0.06333333333333334,0.13,0.36
163,0.6833333333333333,0.03333333333333333,0.0,0.01,0.2733333333333333
164,0.4666666666666667,0.013333333333333334,0.056666666666666664,0.11666666666666667,0.3466666666666667
165,0.4166666666666667,0.016666666666666666,0.023333333333333334,0.21,0.3333333333333333
166,0.4533333333333333,0.02666666666666667,0.02666666666666667,0.21,0.2833333333333333
167,0.41,0.02666666666666667,0.06333333333333334,0.14666666666666667,0.35333333333333333
168,0.3566666666666667,0.0033333333333333335,0.05333333333333334,0.22666666666666666,0.36
169,0.26666666666666666,0.016666666666666666,0.14333333333333334,0.24666666666666667,0.32666666666666666
170,0.55,0.0,0.023333333333333334,0.12,0.30666666666666664
171,0.51,0.006666666666666667,0.07,0.14333333333333334,0.27
172,0.42,0.006666666666666667,0.05,0.18333333333333332,0.34
173,0.44333333333333336,0.0033333333333333335,0.12333333333333334,0.14666666666666667,0.2833333333333333
174,0.4066666666666667,0.0,0.043333333333333335,0.26666666666666666,0.2833333333333333
175,0.42333333333333334,0.02,0.02666666666666667,0.29,0.24
176,0.45,0.016666666666666666,0.02,0.17,0.3433333333333333
177,0.35,0.0033333333333333335,0.1,0.17666666666666667,0.37
178,0.3466666666666667,0.016666666666666666,0.05,0.25,0.33666666666666667
179,0.39,0.0033333333333333335,0.04666666666666667,0.14,0.42
180,0.31666666666666665,0.006666666666666667,0.07333333333333333,0.17666666666666667,0.4266666666666667
181,0.7166666666666667,0.0,0.02,0.11666666666666667,0.14666666666666667
182,0.38666666666666666,0.023333333333333334,0.03333333333333333,0.19333333333333333,0.36333333333333334
183,0.4033333333333333,0.006666666666666667,0.07333333333333333,0.22666666666666666,0.29
184,0.35333333333333333,0.01,0.06666666666666667,0.22666666666666666,0.3433333333333333
185,0.4266666666666667,0.0033333333333333335,0.05,0.14,0.38
186,0.43666666666666665,0.0033333333333333335,0.03666666666666667,0.17666666666666667,0.3466666666666667
187,0.46,0.0,0.01,0.09,0.44
188,0.44,0.0033333333333333335,0.10666666666666667,0.18333333333333332,0.26666666666666666
189,0.36,0.0,0.03333333333333333,0.18666666666666668,0.42
190,0.4,0.02666666666666667,0.08,0.22666666666666666,0.26666666666666666
191,0.4033333333333333,0.0033333333333333335,0.05333333333333334,0.17333333333333334,0.36666666666666664
192,0.32,0.0033333333333333335,0.06333333333333334,0.25,0.36333333333333334
193,0.4033333333333333,0.006666666666666667,0.05333333333333334,0.17,0.36666666666666664
194,0.36666666666666664,0.0033333333333333335,0.09666666666666666,0.17333333333333334,0.36
195,0.4266666666666667,0.02666666666666667,0.04,0.16333333333333333,0.3433333333333333
196,0.42,0.02,0.056666666666666664,0.18333333333333332,0.32
197,0.43333333333333335,0.0033333333333333335,0.05333333333333334,0.18,0.33
198,0.38666666666666666,0.0,0.1,0.22,0.29333333333333333
199,0.38333333333333336,0.01,0.08,0.24666666666666667,0.28
200,0.42,0.0,0.02,0.15,0.41
201,0.5866666666666667,0.0,0.03333333333333333,0.01,0.37
202,0.49,0.0033333333333333335,0.013333333333333334,0.18333333333333332,0.31
203,0.3433333333333333,0.0,0.07333333333333333,0.18666666666666668,0.39666666666666667
204,0.38333333333333336,0.006666666666666667,0.03666666666666667,0.2,0.37333333333333335
205,0.3,0.0,0.06333333333333334,0.11666666666666667,0.52
206,0.4,0.0033333333333333335,0.05,0.16666666666666666,0.38
207,0.4166666666666667,0.02666666666666667,0.09333333333333334,0.14333333333333334,0.32
208,0.4033333333333333,0.0033333333333333335,0.06,0.20333333333333334,0.33
209,0.36333333333333334,0.016666666666666666,0.1,0.16333333333333333,0.3566666666666667
210,0.3566666666666667,0.0,0.08666666666666667,0.16333333333333333,0.3933333333333333
211,0.5466666666666666,0.0033333333333333335,0.056666666666666664,0.12,0.2733333333333333
212,0.36666666666666664,0.0,0.056666666666666664,0.21,0.36666666666666664
213,0.5,0.006666666666666667,0.07,0.12333333333333334,0.3
214,0.4533333333333333,0.006666666666666667,0.04,0.1,0.4
215,0.4633333333333333,0.0033333333333333335,0.07333333333333333,0.17333333333333334,0.2866666666666667
216,0.33,0.013333333333333334,0.056666666666666664,0.10666666666666667,0.49333333333333335
217,0.4,0.0033333333333333335,0.09666666666666666,0.22666666666666666,0.2733333333333333
218,0.43,0.0,0.05,0.14333333333333334,0.37666666666666665
219,0.41,0.0033333333333333335,0.07333333333333333,0.18,0.3333333333333333
220,0.5633333333333334,0.006666666666666667,0.05,0.09333333333333334,0.2866666666666667
221,0.4033333333333333,0.0033333333333333335,0.08666666666666667,0.19333333333333333,0.31333333333333335
222,0.5066666666666667,0.006666666666666667,0.05,0.17333333333333334,0.2633333333333333
223,0.4066666666666667,0.0033333333333333335,0.04,0.2633333333333333,0.2866666666666667
224,0.31,0.01,0.13,0.17,0.38
225,0.38,0.01,0.06,0.22333333333333333,0.32666666666666666
226,0.2966666666666667,0.0,0.04,0.14,0.5233333333333333
227,0.34,0.0,0.01,0.07666666666666666,0.5733333333333334
228,0.5866666666666667,0.0033333333333333335,0.023333333333333334,0.10666666666666667,0.28
229,0.35,0.0033333333333333335,0.05333333333333334,0.2,0.3933333333333333
230,0.18333333333333332,0.0,0.07,0.09,0.6566666666666666
231,0.3433333333333333,0.0,0.17,0.16333333333333333,0.3233333333333333
232,0.4633333333333333,0.0,0.04,0.13333333333333333,0.36333333333333334
233,0.5566666666666666,0.0,0.02666666666666667,0.1,0.31666666666666665
234,0.44666666666666666,0.013333333333333334,0.07666666666666666,0.16,0.30333333333333334
235,0.35333333333333333,0.013333333333333334,0.06333333333333334,0.17,0.4
236,0.4266666666666667,0.0033333333333333335,0.056666666666666664,0.16333333333333333,0.35
237,0.4,0.0,0.03333333333333333,0.29333333333333333,0.2733333333333333
238,0.43666666666666665,0.023333333333333334,0.02666666666666667,0.13333333333333333,0.38
239,0.3466666666666667,0.006666666666666667,0.043333333333333335,0.18333333333333332,0.42
240,0.2866666666666667,0.0,0.043333333333333335,0.51,0.16
241,0.42333333333333334,0.006666666666666667,0.04666666666666667,0.13333333333333333,0.39
242,0.47,0.0,0.11,0.15666666666666668,0.2633333333333333
243,0.58,0.0033333333333333335,0.08,0.09666666666666666,0.24
244,0.4533333333333333,0.006666666666666667,0.02,0.13333333333333333,0.38666666666666666
245,0.33666666666666667,0.01,0.05333333333333334,0.19333333333333333,0.4066666666666667
246,0.44333333333333336,0.006666666666666667,0.07333333333333333,0.15,0.32666666666666666
247,0.46,0.0,0.04,0.14333333333333334,0.3566666666666667
248,0.4533333333333333,0.006666666666666667,0.08,0.17,0.29
249,0.38,0.0,0.11333333333333333,0.17,0.33666666666666667
250,0.3933333333333333,0.01,0.043333333333333335,0.17333333333333334,0.38
251,0.47333333333333333,0.0,0.013333333333333334,0.11666666666666667,0.39666666666666667
252,0.3433333333333333,0.013333333333333334,0.06,0.16,0.42333333333333334
253,0.6,0.01,0.043333333333333335,0.13666666666666666,0.21
254,0.37666666666666665,0.013333333333333334,0.04,0.19333333333333333,0.37666666666666665
255,0.61,0.01,0.04,0.10333333333333333,0.23666666666666666
256,0.39666666666666667,0.0033333333333333335,0.03333333333333333,0.22333333333333333,0.3433333333333333
257,0.45,0.01,0.08333333333333333,0.13666666666666666,0.32
258,0.42,0.006666666666666667,0.03666666666666667,0.25333333333333335,0.2833333333333333
259,0.45666666666666667,0.01,0.056666666666666664,0.13666666666666666,0.34
260,0.37,0.006666666666666667,0.06333333333333334,0.13,0.43
261,0.27,0.04666666666666667,0.043333333333333335,0.18333333333333332,0.45666666666666667
262,0.42333333333333334,0.0033333333333333335,0.056666666666666664,0.15333333333333332,0.36333333333333334
263,0.4033333333333333,0.0033333333333333335,0.09333333333333334,0.16666666666666666,0.3333333333333333
264,0.45666666666666667,0.0,0.06,0.17,0.31333333333333335
265,0.3933333333333333,0.006666666666666667,0.043333333333333335,0.17,0.38666666666666666
266,0.4266666666666667,0.0033333333333333335,0.06,0.19,0.32
267,0.43666666666666665,0.006666666666666667,0.11666666666666667,0.21666666666666667,0.22333333333333333
268,0.37,0.006666666666666667,0.043333333333333335,0.14666666666666667,0.43333333333333335
269,0.32666666666666666,0.0033333333333333335,0.11,0.2866666666666667,0.2733333333333333
270,0.4066666666666667,0.0033333333333333335,0.05,0.14666666666666667,0.3933333333333333
271,0.2733333333333333,0.0,0.0033333333333333335,0.20333333333333334,0.52
272,0.3333333333333333,0.0,0.05,0.11333333333333333,0.5033333333333333
273,0.3466666666666667,0.0033333333333333335,0.06,0.23333333333333334,0.3566666666666667
274,0.3433333333333333,0.01,0.09333333333333334,0.17,0.38333333333333336
275,0.5233333333333333,0.0,0.07666666666666666,0.12666666666666668,0.2733333333333333
276,0.43666666666666665,0.0,0.023333333333333334,0.20333333333333334,0.33666666666666667
277,0.3566666666666667,0.02,0.05,0.1,0.47333333333333333
278,0.5466666666666666,0.0033333333333333335,0.04666666666666667,0.13333333333333333,0.27
279,0.48333333333333334,0.0033333333333333335,0.08,0.08666666666666667,0.3466666666666667
280,0.36333333333333334,0.0033333333333333335,0.056666666666666664,0.29333333333333333,0.2833333333333333
281,0.4666666666666667,0.0033333333333333335,0.013333333333333334,0.2833333333333333,0.23333333333333334
282,0.36333333333333334,0.0033333333333333335,0.03,0.23,0.37333333333333335
283,0.2633333333333333,0.0033333333333333335,0.52,0.06,0.15333333333333332
284,0.39666666666666667,0.013333333333333334,0.056666666666666664,0.20333333333333334,0.33
285,0.45,0.006666666666666667,0.06333333333333334,0.17333333333333334,0.30666666666666664
286,0.38,0.02,0.07,0.15,0.38
287,0.7433333333333333,0.0,0.016666666666666666,0.07333333333333333,0.16666666666666666
288,0.37666666666666665,0.0,0.2633333333333333,0.08666666666666667,0.2733333333333333
289,0.3933333333333333,0.0033333333333333335,0.05,0.17,0.38333333333333336
290,0.37,0.03333333333333333,0.11666666666666667,0.18,0.3
291,0.4033333333333333,0.01,0.05333333333333334,0.19,0.3433333333333333
292,0.38,0.0033333333333333335,0.06,0.18,0.37666666666666665
293,0.3933333333333333,0.03666666666666667,0.10333333333333333,0.19,0.27666666666666667
294,0.39666666666666667,0.0,0.09666666666666666,0.21666666666666667,0.29
295,0.49666666666666665,0.006666666666666667,0.043333333333333335,0.12666666666666668,0.32666666666666666
296,0.27666666666666667,0.006666666666666667,0.05,0.08333333333333333,0.5833333333333334
297,0.37666666666666665,0.006666666666666667,0.13333333333333333,0.13,0.35333333333333333
298,0.47,0.0,0.04,0.15666666666666668,0.3333333333333333
299,0.43,0.013333333333333334,0.06666666666666667,0.15666666666666668,0.3333333333333333
300,0.43666666666666665,0.0,0.03333333333333333,0.12666666666666668,0.4033333333333333
301,0.3933333333333333,0.0033333333333333335,0.05,0.20666666666666667,0.3466666666666667
302,0.38333333333333336,0.0033333333333333335,0.056666666666666664,0.19,0.36666666666666664
303,0.25666666666666665,0.013333333333333334,0.06666666666666667,0.24,0.42333333333333334
304,0.4066666666666667,0.0033333333333333335,0.07333333333333333,0.12,0.39666666666666667
305,0.3,0.0,0.15,0.16333333333333333,0.38666666666666666
306,0.4866666666666667,0.01,0.04,0.14333333333333334,0.32
307,0.42333333333333334,0.006666666666666667,0.06,0.15,0.36
308,0.4,0.0,0.05,0.16666666666666666,0.38333333333333336
309,0.3333333333333333,0.016666666666666666,0.12,0.19333333333333333,0.33666666666666667
310,0.27,0.006666666666666667,0.07333333333333333,0.3933333333333333,0.25666666666666665
311,0.4266666666666667,0.016666666666666666,0.08666666666666667,0.19666666666666666,0.2733333333333333
312,0.38,0.006666666666666667,0.09,0.08333333333333333,0.44
313,0.36333333333333334,0.006666666666666667,0.02666666666666667,0.2633333333333333,0.34
314,0.36333333333333334,0.006666666666666667,0.03666666666666667,0.19333333333333333,0.4
315,0.42,0.0,0.02666666666666667,0.37,0.18333333333333332
316,0.3466666666666667,0.08,0.06333333333333334,0.16666666666666666,0.3433333333333333
317,0.3433333333333333,0.03,0.11333333333333333,0.14333333333333334,0.37
318,0.37,0.06333333333333334,0.09666666666666666,0.18333333333333332,0.2866666666666667
319,0.25,0.0033333333333333335,0.04,0.19,0.5166666666666667
320,0.49,0.01,0.07666666666666666,0.09,0.3333333333333333
321,0.44666666666666666,0.0033333333333333335,0.03666666666666667,0.14666666666666667,0.36666666666666664
322,0.33,0.0,0.03666666666666667,0.06,0.5733333333333334
323,0.28,0.0,0.5,0.17333333333333334,0.04666666666666667
324,0.3,0.0,0.07,0.29333333333333333,0.33666666666666667
325,0.31333333333333335,0.006666666666666667,0.02,0.13666666666666666,0.5233333333333333
326,0.4666666666666667,0.0033333333333333335,0.08333333333333333,0.12666666666666668,0.32
327,0.35,0.01,0.09666666666666666,0.21333333333333335,0.33
328,0.4066666666666667,0.0033333333333333335,0.1,0.13333333333333333,0.3566666666666667
329,0.36,0.02,0.07666666666666666,0.14333333333333334,0.4
330,0.4,0.01,0.06333333333333334,0.22333333333333333,0.30333333333333334
331,0.34,0.016666666666666666,0.056666666666666664,0.21666666666666667,0.37
332,0.10333333333333333,0.0033333333333333335,0.013333333333333334,0.09666666666666666,0.7833333333333333
333,0.5033333333333333,0.01,0.05333333333333334,0.17666666666666667,0.25666666666666665
334,0.17666666666666667,0.013333333333333334,0.01,0.6266666666666667,0.17333333333333334
335,0.45,0.0,0.09666666666666666,0.19,0.2633333333333333
336,0.31,0.04,0.07,0.18666666666666668,0.3933333333333333
337,0.54,0.0,0.03666666666666667,0.13,0.29333333333333333
338,0.4533333333333333,0.0033333333333333335,0.043333333333333335,0.18,0.32
339,0.39,0.006666666666666667,0.07333333333333333,0.23666666666666666,0.29333333333333333
340,0.4866666666666667,0.01,0.056666666666666664,0.16333333333333333,0.2833333333333333
341,0.4166666666666667,0.006666666666666667,0.05,0.21333333333333335,0.31333333333333335
342,0.37,0.043333333333333335,0.06,0.11666666666666667,0.41
343,0.44666666666666666,0.0033333333333333335,0.11333333333333333,0.19,0.24666666666666667
344,0.4066666666666667,0.016666666666666666,0.06333333333333334,0.2,0.31333333333333335
345,0.45666666666666667,0.006666666666666667,0.04666666666666667,0.17333333333333334,0.31666666666666665
346,0.41,0.0,0.06,0.21666666666666667,0.31333333333333335
347,0.56,0.006666666666666667,0.06333333333333334,0.12333333333333334,0.24666666666666667
348,0.45,0.006666666666666667,0.06666666666666667,0.19,0.2866666666666667
349,0.3466666666666667,0.0,0.05,0.3,0.30333333333333334
350,0.42,0.006666666666666667,0.05333333333333334,0.18333333333333332,0.33666666666666667
351,0.3433333333333333,0.0,0.09,0.16666666666666666,0.4
352,0.5733333333333334,0.0033333333333333335,0.06,0.11666666666666667,0.24666666666666667
353,0.42333333333333334,0.0033333333333333335,0.07333333333333333,0.19666666666666666,0.30333333333333334
354,0.41333333333333333,0.006666666666666667,0.08,0.21,0.29
355,0.37333333333333335,0.0033333333333333335,0.04666666666666667,0.17333333333333334,0.4033333333333333
356,0.32666666666666666,0.0,0.03333333333333333,0.17,0.47
357,0.3933333333333333,0.0,0.04666666666666667,0.25666666666666665,0.30333333333333334
358,0.44666666666666666,0.01,0.05,0.22333333333333333,0.27
359,0.42,0.04666666666666667,0.10333333333333333,0.1,0.33
360,0.38,0.0,0.1,0.20333333333333334,0.31666666666666665
361,0.31333333333333335,0.0,0.04666666666666667,0.19666666666666666,0.44333333333333336
362,0.31333333333333335,0.02,0.08333333333333333,0.25333333333333335,0.33
363,0.3466666666666667,0.013333333333333334,0.04666666666666667,0.20666666666666667,0.38666666666666666
364,0.4166666666666667,0.006666666666666667,0.043333333333333335,0.14666666666666667,0.38666666666666666
365,0.34,0.01,0.05,0.17666666666666667,0.42333333333333334
366,0.3433333333333333,0.02666666666666667,0.056666666666666664,0.15,0.42333333333333334
367,0.3,0.006666666666666667,0.11,0.15666666666666668,0.4266666666666667
368,0.31333333333333335,0.01,0.056666666666666664,0.2833333333333333,0.33666666666666667
369,0.2866666666666667,0.0,0.03,0.23333333333333334,0.45
370,0.4033333333333333,0.0033333333333333335,0.05,0.12333333333333334,0.42
371,0.43333333333333335,0.0,0.02,0.13333333333333333,0.41333333333333333
372,0.4033333333333333,0.0033333333333333335,0.05,0.2733333333333333,0.27
373,0.39666666666666667,0.02666666666666667,0.056666666666666664,0.25666666666666665,0.2633333333333333
374,0.41333333333333333,0.0,0.056666666666666664,0.24,0.29
375,0.5766666666666667,0.0,0.03333333333333333,0.09333333333333334,0.2966666666666667
376,0.37,0.0033333333333333335,0.043333333333333335,0.21666666666666667,0.36666666666666664
377,0.27666666666666667,0.013333333333333334,0.043333333333333335,0.17666666666666667,0.49
378,0.3566666666666667,0.0033333333333333335,0.02666666666666667,0.21666666666666667,0.39666666666666667
379,0.31333333333333335,0.0033333333333333335,0.04,0.18666666666666668,0.45666666666666667
380,0.44333333333333336,0.0,0.06,0.13666666666666666,0.36
381,0.42333333333333334,0.013333333333333334,0.056666666666666664,0.14,0.36666666666666664
382,0.22333333333333333,0.02,0.03,0.39666666666666667,0.33
383,0.2966666666666667,0.0,0.27666666666666667,0.17,0.25666666666666665
384,0.33,0.013333333333333334,0.03,0.19,0.43666666666666665
385,0.4666666666666667,0.0033333333333333335,0.09,0.16,0.28
386,0.36666666666666664,0.0033333333333333335,0.05333333333333334,0.19666666666666666,0.38
387,0.4033333333333333,0.0,0.06666666666666667,0.15333333333333332,0.37666666666666665
388,0.37333333333333335,0.0,0.04666666666666667,0.16333333333333333,0.4166666666666667
389,0.2966666666666667,0.0033333333333333335,0.056666666666666664,0.19333333333333333,0.45
390,0.48,0.006666666666666667,0.04,0.19333333333333333,0.28
391,0.4066666666666667,0.02666666666666667,0.1,0.16666666666666666,0.3
392,0.24666666666666667,0.006666666666666667,0.1,0.14,0.5066666666666667
393,0.5166666666666667,0.0033333333333333335,0.04666666666666667,0.17333333333333334,0.26
394,0.84,0.0,0.02666666666666667,0.03666666666666667,0.09666666666666666
395,0.32666666666666666,0.0033333333333333335,0.08,0.14333333333333334,0.44666666666666666
396,0.46,0.0,0.056666666666666664,0.19666666666666666,0.2866666666666667
397,0.42333333333333334,0.0,0.08333333333333333,0.15666666666666668,0.33666666666666667
398,0.27,0.0033333333333333335,0.05333333333333334,0.16,0.5133333333333333
399,0.4533333333333333,0.016666666666666666,0.12333333333333334,0.13333333333333333,0.2733333333333333
400,0.4,0.016666666666666666,0.03666666666666667,0.30666666666666664,0.24
401,0.36333333333333334,0.0,0.03333333333333333,0.2633333333333333,0.34
402,0.36,0.0,0.11333333333333333,0.16333333333333333,0.36333333333333334
403,0.45,0.006666666666666667,0.10666666666666667,0.18333333333333332,0.25333333333333335
404,0.43666666666666665,0.006666666666666667,0.03,0.14666666666666667,0.38
405,0.5366666666666666,0.013333333333333334,0.05,0.11,0.29
406,0.3566666666666667,0.0033333333333333335,0.016666666666666666,0.23333333333333334,0.39
407,0.37,0.0033333333333333335,0.08333333333333333,0.24333333333333335,0.3
408,0.36333333333333334,0.0,0.06,0.27666666666666667,0.3
409,0.32666666666666666,0.0033333333333333335,0.07666666666666666,0.13666666666666666,0.45666666666666667
410,0.3933333333333333,0.0033333333333333335,0.09666666666666666,0.25,0.25666666666666665
411,0.36333333333333334,0.0033333333333333335,0.06666666666666667,0.25333333333333335,0.31333333333333335
412,0.24666666666666667,0.006666666666666667,0.05333333333333334,0.38666666666666666,0.30666666666666664
413,0.44,0.0033333333333333335,0.06666666666666667,0.21333333333333335,0.27666666666666667
414,0.48,0.0,0.006666666666666667,0.13333333333333333,0.38
415,0.38,0.0033333333333333335,0.10333333333333333,0.17666666666666667,0.33666666666666667
416,0.49666666666666665,0.0033333333333333335,0.08666666666666667,0.23,0.18333333333333332
417,0.47,0.016666666666666666,0.06666666666666667,0.10666666666666667,0.34
418,0.5033333333333333,0.0,0.09333333333333334,0.13666666666666666,0.26666666666666666
419,0.5366666666666666,0.0,0.043333333333333335,0.14333333333333334,0.27666666666666667
420,0.42333333333333334,0.023333333333333334,0.07,0.11333333333333333,0.37
421,0.42,0.0033333333333333335,0.056666666666666664,0.18333333333333332,0.33666666666666667
422,0.23333333333333334,0.0033333333333333335,0.04,0.51,0.21333333333333335
423,0.28,0.006666666666666667,0.38333333333333336,0.09333333333333334,0.23666666666666666
424,0.43333333333333335,0.0033333333333333335,0.14333333333333334,0.14666666666666667,0.2733333333333333
425,0.35,0.0,0.08333333333333333,0.21333333333333335,0.35333333333333333
426,0.4766666666666667,0.006666666666666667,0.07,0.19333333333333333,0.25333333333333335
427,0.5833333333333334,0.0,0.056666666666666664,0.13666666666666666,0.22333333333333333
428,0.36,0.013333333333333334,0.07333333333333333,0.21,0.3433333333333333
429,0.5633333333333334,0.0033333333333333335,0.05,0.12666666666666668,0.25666666666666665
430,0.44333333333333336,0.0033333333333333335,0.05,0.12333333333333334,0.38
431,0.45,0.01,0.03666666666666667,0.18666666666666668,0.31666666666666665
432,0.33,0.0,0.07,0.26,0.34
433,0.37666666666666665,0.0033333333333333335,0.07333333333333333,0.19333333333333333,0.35333333333333333
434,0.35333333333333333,0.006666666666666667,0.05,0.17333333333333334,0.4166666666666667
435,0.5466666666666666,0.0033333333333333335,0.06,0.1,0.29
436,0.37,0.01,0.02,0.08,0.52
437,0.56,0.0,0.03,0.15666666666666668,0.25333333333333335
438,0.44,0.006666666666666667,0.03,0.23666666666666666,0.2866666666666667
439,0.41,0.02,0.06666666666666667,0.23333333333333334,0.27
440,0.47333333333333333,0.0033333333333333335,0.08,0.14666666666666667,0.2966666666666667
441,0.45,0.006666666666666667,0.05,0.15,0.3433333333333333
442,0.31,0.013333333333333334,0.1,0.2733333333333333,0.30333333333333334
443,0.42333333333333334,0.023333333333333334,0.06333333333333334,0.19333333333333333,0.2966666666666667
444,0.4266666666666667,0.07333333333333333,0.12,0.11666666666666667,0.2633333333333333
445,0.4166666666666667,0.02,0.04666666666666667,0.19,0.32666666666666666
446,0.5266666666666666,0.0033333333333333335,0.05,0.13333333333333333,0.2866666666666667
447,0.4033333333333333,0.0,0.06333333333333334,0.14666666666666667,0.38666666666666666
448,0.37666666666666665,0.01,0.03333333333333333,0.25666666666666665,0.3233333333333333
449,0.41333333333333333,0.01,0.1,0.24666666666666667,0.23
450,0.41,0.013333333333333334,0.06333333333333334,0.17666666666666667,0.33666666666666667
451,0.4066666666666667,0.02666666666666667,0.08666666666666667,0.18666666666666668,0.29333333333333333
452,0.33,0.006666666666666667,0.05,0.24666666666666667,0.36666666666666664
453,0.42333333333333334,0.016666666666666666,0.06333333333333334,0.12333333333333334,0.37333333333333335
454,0.52,0.0,0.13333333333333333,0.14666666666666667,0.2
455,0.31333333333333335,0.0,0.056666666666666664,0.3,0.33
456,0.3566666666666667,0.023333333333333334,0.08,0.18,0.36
457,0.46,0.0033333333333333335,0.14333333333333334,0.14333333333333334,0.25
458,0.4666666666666667,0.0,0.06666666666666667,0.16,0.30666666666666664
459,0.42,0.023333333333333334,0.10666666666666667,0.21,0.24
460,0.31333333333333335,0.006666666666666667,0.05,0.21666666666666667,0.41333333333333333
461,0.4533333333333333,0.02,0.06,0.18,0.2866666666666667
462,0.47333333333333333,0.0,0.03333333333333333,0.15,0.3433333333333333
463,0.37333333333333335,0.0,0.006666666666666667,0.37666666666666665,0.24333333333333335
464,0.41,0.0,0.06,0.19,0.34
465,0.45,0.013333333333333334,0.03666666666666667,0.16333333333333333,0.33666666666666667
466,0.4766666666666667,0.006666666666666667,0.05333333333333334,0.11333333333333333,0.35
467,0.42333333333333334,0.0033333333333333335,0.04666666666666667,0.18666666666666668,0.34
468,0.4,0.0033333333333333335,0.1,0.22333333333333333,0.2733333333333333
469,0.42333333333333334,0.013333333333333334,0.03333333333333333,0.17666666666666667,0.35333333333333333
470,0.32666666666666666,0.0033333333333333335,0.12666666666666668,0.15333333333333332,0.39
471,0.4266666666666667,0.01,0.07,0.17666666666666667,0.31666666666666665
472,0.52,0.006666666666666667,0.03333333333333333,0.17,0.27
473,0.28,0.0,0.03666666666666667,0.19333333333333333,0.49
474,0.26666666666666666,0.006666666666666667,0.05333333333333334,0.31,0.36333333333333334
475,0.44666666666666666,0.013333333333333334,0.07333333333333333,0.14666666666666667,0.32
476,0.3933333333333333,0.006666666666666667,0.04666666666666667,0.13,0.42333333333333334
477,0.5466666666666666,0.006666666666666667,0.023333333333333334,0.22666666666666666,0.19666666666666666
478,0.43666666666666665,0.006666666666666667,0.08,0.17,0.30666666666666664
479,0.32666666666666666,0.0,0.023333333333333334,0.20666666666666667,0.44333333333333336
480,0.41333333333333333,0.01,0.08666666666666667,0.21333333333333335,0.27666666666666667
481,0.29,0.0033333333333333335,0.07333333333333333,0.21,0.42333333333333334
482,0.45,0.01,0.06666666666666667,0.15,0.3233333333333333
483,0.3433333333333333,0.006666666666666667,0.05333333333333334,0.35,0.24666666666666667
484,0.30666666666666664,0.0,0.11333333333333333,0.25,0.33
485,0.4,0.016666666666666666,0.04666666666666667,0.23,0.30666666666666664
486,0.31333333333333335,0.0033333333333333335,0.04666666666666667,0.2633333333333333,0.37333333333333335
487,0.37,0.03333333333333333,0.09333333333333334,0.15666666666666668,0.3466666666666667
488,0.3566666666666667,0.01,0.04,0.20333333333333334,0.39
489,0.36,0.006666666666666667,0.1,0.25,0.2833333333333333
490,0.7033333333333334,0.0,0.13,0.07,0.09666666666666666
491,0.3233333333333333,0.0033333333333333335,0.06333333333333334,0.32,0.29
492,0.3566666666666667,0.02,0.09333333333333334,0.21,0.32
493,0.39666666666666667,0.013333333333333334,0.06333333333333334,0.15666666666666668,0.37
494,0.35,0.02,0.043333333333333335,0.15666666666666668,0.43
495,0.3933333333333333,0.006666666666666667,0.07333333333333333,0.19,0.33666666666666667
496,0.4533333333333333,0.006666666666666667,0.043333333333333335,0.16,0.33666666666666667
497,0.44,0.006666666666666667,0.056666666666666664,0.2,0.2966666666666667
498,0.44333333333333336,0.0,0.06,0.21333333333333335,0.2833333333333333
499,0.34,0.04,0.056666666666666664,0.24666666666666667,0.31666666666666665
500,0.30666666666666664,0.0033333333333333335,0.043333333333333335,0.2733333333333333,0.37333333333333335
501,0.4066666666666667,0.0033333333333333335,0.02666666666666667,0.16666666666666666,0.39666666666666667
502,0.4,0.013333333333333334,0.06333333333333334,0.13666666666666666,0.38666666666666666
503,0.3466666666666667,0.023333333333333334,0.07333333333333333,0.16666666666666666,0.39
504,0.30666666666666664,0.06333333333333334,0.20666666666666667,0.16666666666666666,0.25666666666666665
505,0.35,0.01,0.04666666666666667,0.23333333333333334,0.36
506,0.36,0.006666666666666667,0.05,0.19333333333333333,0.39
507,0.37666666666666665,0.02,0.09666666666666666,0.18,0.32666666666666666
508,0.41333333333333333,0.006666666666666667,0.06666666666666667,0.20333333333333334,0.31
509,0.4166666666666667,0.013333333333333334,0.08666666666666667,0.23,0.25333333333333335
510,0.45666666666666667,0.06333333333333334,0.03333333333333333,0.15666666666666668,0.29
